Estas matrizes foram dispostas em vetores nos Arquivos (Xtrain.csv, Xtest.csv, Ytrain.csv, Ytest.csv).

Letra Y invertida Saída (+1):  
-----------------------
-1 -1 +1 -1 -1
-1 -1 +1 -1 -1
-1 +1 +1 +1 -1
+1 -1 -1 -1 +1
+1 -1 -1 -1 +1


Letra Y sim invertido Saída (-1):  
-----------------------
+1 -1 -1 -1 +1
+1 -1 -1 -1 +1
-1 +1 +1 +1 -1
-1 -1 +1 -1 -1
-1 -1 +1 -1 -1

Conjunto de treinamento de Y-letter não invertido (6 exemplos) com ruído:
-----------------------
1)
-1, -1, -1, -1, +1,
+1, -1, -1, -1, +1,
-1, +1, +1, +1, -1,
-1, -1, +1, -1, -1,
-1, -1, +1, -1, -1,

2)
+1, -1, -1, -1, -1,
+1, -1, -1, -1, +1,
-1, +1, +1, +1, -1,
-1, -1, +1, -1, -1,
-1, -1, +1, -1, -1,

3)
+1, -1, -1, -1, +1,
+1, -1, -1, -1, +1,
-1, +1, +1, +1, -1,
-1, -1, +1, -1, -1,
-1, -1, -1, -1, -1,

4)
+1, -1, -1, -1, +1,
+1, -1, -1, -1, +1,
-1, +1, +1, +1, -1,
-1, -1, +1, -1, -1,
-1, +1, +1, +1, -1,

5)
+1, -1, -1, -1, +1,
-1, -1, -1, -1, +1,
-1, +1, +1, +1, -1,
-1, -1, +1, -1, -1,
-1, -1, +1, -1, -1,

6)
+1, -1, -1, -1, +1,
+1, -1, -1, -1, -1,
-1, +1, +1, +1, -1,
-1, -1, +1, -1, -1,
-1, -1, +1, -1, -1,


Conjunto de treinamento de Y-letter invertido (6 exemplos) com ruído:
-----------------------
1)
+1, -1, +1, -1, -1,
-1, -1, +1, -1, -1,
-1, +1, +1, +1, -1,
+1, -1, -1, -1, +1,
+1, -1, -1, -1, +1,

2)
-1, -1, +1, -1, +1,
-1, -1, +1, -1, -1,
-1, +1, +1, +1, -1,
+1, -1, -1, -1, +1,
+1, -1, -1, -1, +1,

3)
-1, -1, +1, -1, -1,
-1, -1, +1, -1, -1,
-1, +1, +1, +1, -1,
+1, -1, -1, -1, +1,
+1, -1, +1, -1, +1,

4)
-1, -1, +1, -1, -1,
-1, -1, +1, -1, -1,
-1, +1, +1, +1, -1,
+1, -1, -1, -1, +1,
+1, +1, -1, +1, +1,

5)
-1, -1, +1, -1, -1,
+1, -1, +1, -1, -1,
-1, +1, +1, +1, -1,
+1, -1, -1, -1, +1,
+1, -1, -1, -1, +1,

6)
-1, -1, +1, -1, -1,
-1, -1, +1, -1, +1,
-1, +1, +1, +1, -1,
+1, -1, -1, -1, +1,
+1, -1, -1, -1, +1,


Conjunto de teste de letras Y não invertido (6 exemplos) com ruído:
-----------------------
1)
+1, -1, -1, -1, +1,
+1, -1, -1, -1, +1,
-1, -1, +1, +1, -1,
-1, -1, +1, -1, -1,
-1, -1, +1, -1, -1

2)
+1, -1, -1, -1, +1,
+1, -1, -1, -1, -1,
-1, +1, +1, +1, -1,
-1, -1, +1, -1, -1,
-1, -1, +1, -1, -1

3)
+1, -1, -1, -1, +1,
+1, -1, -1, -1, +1,
-1, +1, +1, +1, -1,
-1, -1, +1, -1, -1,
-1, -1, +1, -1, -1

4)
+1, -1, -1, -1, +1,
+1, -1, -1, -1, +1,
-1, +1, +1, +1, -1,
-1, -1, +1, +1, -1,
-1, -1, +1, +1, -1

5)
-1, -1, -1, -1, +1,
-1, -1, -1, -1, +1,
-1, +1, +1, +1, -1,
-1, -1, +1, -1, -1,
-1, -1, +1, -1, -1

6)
-1, -1, -1, -1, +1,
-1, -1, -1, -1, +1,
-1, +1, +1, +1, -1,
-1, -1, +1, -1, -1,
-1, -1, +1, -1, -1

Conjunto de teste de letras Y invertidas (6 exemplos) com ruído:
-----------------------
1)
-1, -1, +1, -1, -1,
-1, -1, +1, -1, -1,
-1, +1, +1, -1, -1,
+1, -1, -1, -1, +1,
+1, -1, -1, -1, +1

2)
-1, -1, +1, -1, -1,
-1, -1, +1, -1, -1,
-1, +1, +1, +1, -1,
+1, -1, -1, -1, +1,
+1, -1, +1, -1, +1

3)
-1, -1, +1, -1, -1,
-1, -1, +1, -1, -1,
-1, +1, +1, +1, -1,
+1, -1, -1, -1, +1,
+1, -1, -1, -1, +1

4)
-1, -1, +1, +1, -1,
-1, -1, +1, -1, -1,
-1, +1, +1, +1, +1,
+1, -1, -1, -1, +1,
+1, -1, -1, -1, +1

5)
-1, -1, +1, -1, -1,
-1, -1, +1, -1, -1,
-1, +1, +1, +1, -1,
+1, +1, -1, -1, +1,
+1, +1, -1, -1, +1

6)
-1, -1, +1, -1, +1,
-1, -1, +1, -1, +1,
-1, +1, +1, +1, -1,
+1, -1, -1, -1, +1,
+1, -1, -1, -1, +1